INTRUDUUH GN 11111

Ε1333, 33 1111313333 13111311 1133 3133 11333 [1131113 11313113
33131 Latinitas.

1311133 Iuvenalis, libertini 1333313113 inam-tum filiun
33 3111313113 [33 Aquino Ἰ1313331313 3331113 3113311133
13133311333 Claudii N 313313] 311 1113111331 1313 33131331
113313313πὶ1 331131 133313 33333 33313 33311 33113133 33 3111.
forn 31333313131. [Deinde 311 33311333 33 3331133111, 311
3331311331 1113 1133311, 3111311311 1111131313 1331 3113333113
3331331333 ab 133133311333 1113331111 “ 51331331· 3311 auditur
tanssumffq Dehine 3333313111 33133313 natyra 3311 311
331113 3331333113 111 Paridem [Domitiani] panhofflimum
[311 311133 1113111333111] nemen-ribus militinlifl 1313331331
3331331333 [Ρ. Statium] 1133 33333 3311313133 1311331113
3113313111 31 1131333 11333 1113 33 13311133 33111331 3311113113
1331333331 *ammittere 3311 333113, 13311 1113333 frequentia
13313333 33333333 1113 331 ter 33111133 3311, 31133 333333
3333 311133 13331311 1313131133 331113 3311311131 Η’33311 333
[13311 31333133, 11311111 1113111135μ tu [1313311333 311 1131333, tu
3311111331 1113333 atria 331331 Ρ133133133 Ρ313333 facit,
Ρ11113111313 1111113333.Μ Erat 113113 13 33113113 33133 [hiatu-in]
3113111333 1331311311 3133 33331113 3131311311331131.
Venit 3133 Ι31333113 13 333313133331 33331 1133131113
[3133333113] 113313 3311333311, 33 31131131 331· 1133313111
1311111133 3333133331 33133333333 31113 3331313133 331,
3113333333 ad 3133133131331 3111131113 13 33113313 Aegypti
33113 1331133113. Id 3113311311 331133 31333111 31. 1311 31333
13331311 delicto 331 333311. 1131331 intra 3133331313111
13111333 333313 33 1331113 periit.

[13331- Π. 33313133 1331- 111333 (313333 1111331 J 3113 111)

1111333113 13113 1133133133 fuit, 111 331 113 Aquino
11331113 113313311333 11313313 Claudii imperatorin* Ρ11313
3313113 3113111, 311 3131511313 1313 33131331 1133133131113Ι 33113

 

 

